0.00000 0.60000
0.00152 0.60152
0.00303 0.60303
0.00455 0.60455
0.00606 0.60606
0.00758 0.60758
0.00909 0.60909
0.01061 0.61061
0.01212 0.61212
0.01364 0.61364
0.01515 0.61515
0.01667 0.61667
0.01818 0.61818
0.01970 0.61970
0.02121 0.62121
0.02273 0.62273
0.02424 0.62424
0.02576 0.62576
0.02727 0.62727
0.02879 0.62879
0.03030 0.63030
0.03182 0.63182
0.03333 0.63333
0.03485 0.63485
0.03636 0.63636
0.03788 0.63788
0.03939 0.63939
0.04091 0.64091
0.04242 0.64242
0.04394 0.64394
0.04545 0.64545
0.04697 0.64697
0.04848 0.64848
0.05000 0.65000
0.05152 0.65152
0.05303 0.65303
0.05455 0.65455
0.05606 0.65606
0.05758 0.65758
0.05909 0.65909
0.06061 0.66061
0.06212 0.66212
0.06364 0.66364
0.06515 0.66515
0.06667 0.66667
0.06818 0.66818
0.06970 0.66970
0.07121 0.67121
0.07273 0.67273
0.07424 0.67424
0.07576 0.67576
0.07727 0.67727
0.07879 0.67879
0.08030 0.68030
0.08182 0.68182
0.08333 0.68333
0.08485 0.68485
0.08636 0.68636
0.08788 0.68788
0.08939 0.68939
0.09091 0.69091
0.09242 0.69242
0.09394 0.69394
0.09545 0.69545
0.09697 0.69697
0.09848 0.69848
0.10000 0.70000
0.10152 0.70152
0.10303 0.70303
0.10455 0.70455
0.10606 0.70606
0.10758 0.70758
0.10909 0.70909
0.11061 0.71061
0.11212 0.71212
0.11364 0.71364
0.11515 0.71515
0.11667 0.71667
0.11818 0.71818
0.11970 0.71970
0.12121 0.72121
0.12273 0.72273
0.12424 0.72424
0.12576 0.72576
0.12727 0.72727
0.12879 0.72879
0.13030 0.73030
0.13182 0.73182
0.13333 0.73333
0.13485 0.73485
0.13636 0.73636
0.13788 0.73788
0.13939 0.73939
0.14091 0.74091
0.14242 0.74242
0.14394 0.74394
0.14545 0.74545
0.14697 0.74697
0.14848 0.74848
0.15000 0.75000
